bins	DG_001_EKDN220039120_1A_HCHH2DSX5_L1	DG_002_EKDN220039121_1A_HCHH2DSX5_L1	DG_003_EKDN220039122_1A_HCHH2DSX5_L1	DG_004_EKDN220039123_1A_HCHH2DSX5_L1	PW_001_EKDN220039127_1A_HCHH2DSX5_L1	PW_002_EKDN220039128_1A_HCHH2DSX5_L1	PW_003_EKDN220039129_1A_HCHH2DSX5_L1	SZ_001_EKDN220039124_1A_HCHH2DSX5_L1	SZ_003_EKDN220039126_1A_HCHH2DSX5_L1	WG_001_EKDN220039117_1A_HCHH2DSX5_L1	WG_002_EKDN220039118_1A_HCHH2DSX5_L1	WG_003_EKDN220039119_1A_HCHH2DSX5_L1	W_001_EKDN220039130_1A_HCHMYDSX5_L1	W_003_EKDN220039132_1A_HCHH2DSX5_L1	merged_SZ_002
DG_ZS_MAG_00001	6.54115490839832	3.034584175099148	3.3008002960917664	14.954369508568394	39.25630682988201	38.230346464309925	45.069370510819866	0.5939167782369815	79.25438305435624	0.27313370855621744	0.04650104774616562	0.4674726638475921	6.551760986625929	7.829028212865898	0.0016514915075435672
DG_ZS_MAG_00003	3.6574592205400758	9.130287349295418	3.4926556450981794	29.3857722566273	79.1028268170396	88.09853491656402	106.07269634449052	0.5543235515358075	25.028458383102873	0.6501840718719966	0.08811276410811546	0.3207050291070001	9.883614052569445	18.812691170036512	0.009376121816339188
DG_ZS_MAG_00008	35.32904745241213	13.67597462652403	31.095078250573863	82.63893675934843	128.48276481345184	137.01322102554633	130.50940494598427	4.254810619294477	144.25107564945918	1.7813735645049267	0.7931108003694906	2.205576875070568	41.26752285291066	67.19703695941908	0.07142979217698787
PW_ZS_MAG_00001	0.044322558033551354	0.037953225134780416	0.1507319908910295	0.0706552150820751	2.8992740258569305	8.354429957861715	10.92231553931287	0.16636009903251395	10.817037184905717	0.04289187009297367	0.009239128718762465	0.018513691346793777	1.7904273715371686	1.2145203950214305	0.00041187534140220747
PW_ZS_MAG_00003	0.05153836885745654	0.09498241018391666	0.15815903644992121	0.374217235007629	4.6871180953350375	5.679624376670305	4.352350450209967	0.14950382904381407	6.3928735018535	0.07935827032955847	0.00880477537280335	0.04427705180764313	1.5369451054402232	1.886020640379404	0.0004681788957521659
PW_ZS_MAG_00004	0.007158826191661886	0.033980205947751696	0.01442928435956546	0.08775862669207588	9.385064095675038	5.391810829588302	12.549382202154534	0.0056260623958416895	0.27980819734414286	0.003834085367053506	0.0005990285369172622	0.0014462963159177359	257.48282437981817	247.87545447458803	0.0008917313627577563
PW_ZS_MAG_00008	4.3442548559287575	1.3211389300562646	0.7787390979317219	32.11457552428292	64.53698899628837	49.66921242802996	20.799441289493355	0.7954353613912678	35.012294254200164	0.32919327973559614	0.06307343239734023	0.3359103964746154	0.4406137946411006	0.35867011161094864	0.007362912639185804
PW_ZS_MAG_00011	0.002263810231529505	0.0009372096581797032	0.06999010037425826	0.23856102895238965	0.1634760451882831	2.349386282381963	35.383005952456436	0.03305460518584835	0.30195143519211276	0.0012151769462993914	0.00011209994648622464	0.0322709200395985	1.1100424136826186	0.39775394315366064	0.0001337421684322831
PW_ZS_MAG_00014	0.00041856932474965976	0.004375109112810526	0.0019092589389055684	0.0010480128156390217	0.5563461865023049	1.8792525517496066	5.7491164345947015	0.0038794488554645683	0.018593485206885835	0.0006943482279549736	0.00045115415192953834	0.0	1.3469288005631082	2.3173105172430692	7.947518824360628e-05
PW_ZS_MAG_00015	0.027156132193593363	0.06183996264035248	0.07672047268075775	0.28752878114149966	2.7317699133012527	3.931461290126089	3.3156348771260142	0.05986856442847184	3.5327190649259235	0.07331316453811429	0.011408770041894242	0.036047457581233545	2.224384208780871	2.1971907169397578	0.0037148484294735134
PW_ZS_MAG_00017	0.0014226699048381184	0.0028770116722879194	0.05026234105438044	0.08061484436069667	0.21950802738439731	0.5717814864691017	10.35949072248194	0.03498504107765171	0.4112086118509172	0.004390172613159418	0.0005170054525373762	0.00849665582835419	0.517732397193511	0.3517857124004844	0.0
PW_ZS_MAG_00018	0.026953844814329674	0.03802629153414596	0.07081214343549455	0.2758822098275475	1.665294127383587	2.2000770012677093	1.7077402826146058	0.07601018248801616	2.6120063478430233	0.028416097981165525	0.006987706325871814	0.02139256656607677	0.5465174045312389	0.6968846003586591	0.0006314738827163671
PW_ZS_MAG_00019	0.0021383639928998274	0.0014002522837518897	0.10587143658138236	0.23941096451164862	0.6743737148216407	0.3023685416342672	9.568605509605433	0.036575334466643905	0.3496444848829359	0.0021657731865392256	0.0005618884696076731	0.004845915642843907	0.5389785546893853	0.40675511494283695	1.4300448855338447e-05
PW_ZS_MAG_00020	0.46613611706490965	0.5599913717173779	0.7590263838328853	2.399655341218809	26.103828575964798	37.011771510223525	38.18180868838763	0.2984830571904875	12.819206292503505	0.3727503147007791	0.01742194853649962	0.058709178678218926	12.102492042701021	21.616636566907466	0.04381452311018875
SZ_ZS_MAG_00001	46.18187457789095	41.46761364940917	40.92413452211949	205.88511312630803	273.7119153126325	243.6362400139667	288.9863248581562	3.3512716231384423	167.8215973841044	2.6592828900655836	0.6707820177971355	2.560580094257844	118.34280041709464	160.56386902500446	0.07990321220924565
SZ_ZS_MAG_00004	0.05908013844421085	0.13453336745058375	0.11657999136672902	0.44773823185223355	4.963301155851806	4.926351039571994	3.5591088451334363	0.24684208698339477	10.998492721613868	0.12751440473313055	0.028514248086752323	0.09368941913963572	1.6528691449872095	2.1351684586492548	4.6426867759978056e-05
SZ_ZS_MAG_00008	1.9268831247791567	0.5235684578268934	2.195064657348994	1.8689961441920064	24.474519283237424	36.17475940312693	34.80084880180455	1.2431708036193767	71.13008728417765	0.2683026227991024	0.07671956393271555	0.19830280341688136	2.812447770298958	3.6031295718875294	0.004642894483856713
SZ_ZS_MAG_00009	3.9192279242196135	0.46687088268312	1.9932566943112495	2.5731200668343326	39.95057844766819	53.42757473174892	42.43853416992281	1.5287552975781258	117.98796425059393	0.5848745550904613	0.08830207725979236	0.3597291817145443	4.048920642932356	13.007701612552323	0.006631218943356163
SZ_ZS_MAG_00010	0.2842644160114062	0.10399104505470905	0.3041575166331025	0.9502375916549445	39.72694219652529	29.505860519193426	39.88565859439743	0.3327671837911442	36.55282085274377	0.11719604741038589	0.022064933473212187	0.033339573909220425	3.0153158349834315	3.273037001555084	0.0009543583394895771
SZ_ZS_MAG_00011	2.1109492387562727	1.4553623988646371	0.9233177570804261	26.440645958160115	86.82401534200066	61.90125887762754	62.38214032013459	0.44658934821595625	26.95030125750862	0.5235286601532375	0.05130998720739385	0.22099645427289777	7.858283478676201	14.162606421249416	0.004508595079790268
SZ_ZS_MAG_00013	0.23851067347773494	0.1183465306351714	0.17060120045473928	0.6136824467315021	10.241772090811782	11.403966389798903	9.920135029402202	0.16080824606553215	9.051466708227158	0.08819355058183369	0.014794058010112174	0.0472033296915162	1.1909109896117231	1.3260412603904523	0.0011400127054851145
SZ_ZS_MAG_00014	0.17420918959381707	0.40457122284502056	0.3550042033000026	2.716051320814747	17.80164400966301	27.95829562398924	25.2183604539721	0.3354016238107984	25.88700671402934	0.3246109298358947	0.019020161449629605	0.06498487570764708	14.723973357383588	20.454114171204218	0.002136056098421846
SZ_ZS_MAG_00016	0.8226075906760152	0.13349329306547797	0.6765818025732518	0.8059219583847361	9.713928900266549	13.324503381130825	11.989184704596887	0.46059730652103537	43.758627300514824	0.10258781701800679	0.02403873619459503	0.0631776608102259	1.1977931938883855	3.7156931922929055	0.0060901013850310015
WG_ZS_MAG_00001	203.8124404856231	113.17531675957966	187.81430568334213	336.22983464877944	362.48474799963105	379.0327097874394	372.1037353623607	42.83756885692188	333.4953592385944	22.174587331508974	10.09819889923533	27.15920027814767	174.22967712637507	223.0915214630189	0.824026187508426
W_ZS_MAG_00002	0.0006084024845459602	0.00052804401684952	0.00035082003730229185	0.0005608767090686073	0.017742170128490106	0.029087225760856827	0.09018142874090435	0.00027844299754861327	0.008373606288494517	9.12422330729332e-05	0.0	3.319548439830373e-05	28.291639563067612	24.975344824896542	4.897694419421861e-06
W_ZS_MAG_00003	0.004006914032577433	0.002799848964430762	0.00523249721776583	0.006220506511150616	0.16458360433016808	0.15075824914365	0.4477089024266863	0.0013265295061353683	0.03093157871916056	0.0005638992469901285	0.0001808903872002775	0.0004676953706514041	7.928257652950614	6.826731398777262	0.00020889339345849775
W_ZS_MAG_00007	0.001755613083782416	0.0025228662755437475	0.0033900704475215543	0.0020727882062621878	0.07621292107337	0.041551533889156354	0.16310685874776157	0.0007065260025859828	0.010190221449161785	0.0003103059814091177	0.0001093089405156276	0.00019183818613261784	32.214606999515375	17.847745985932796	0.00013379892172404688
W_ZS_MAG_00008	0.002454175797839705	0.002602430460958301	0.0028603994813449414	0.0018528879609682684	0.11171062697989746	0.06550980776951892	0.20319394294056037	0.00226870980493437	0.003388593634706712	0.0025170806648601453	0.0024199177481947706	0.003247131515914267	21.25500998134856	10.875014674110705	0.002186608616992199
W_ZS_MAG_00012	0.005883863986121278	0.006203378457394795	0.005085744157199788	0.02980946742368385	0.1687186336908186	0.12229807868185455	0.18148788460430015	0.0014324843266324142	0.0671495144479513	0.0005603997295954694	0.0001462636630751552	0.0005955496531818677	6.050040830551048	4.102873831098454	7.929556221386546e-05
W_ZS_MAG_00013	2.9259692380707683	0.7127597673549788	3.430125544203664	3.8011975397057767	33.65122225133936	48.4139541487518	45.48267041566476	1.6508019970755767	104.03219739487882	0.387278388431598	0.1503332300480945	0.31445603534346894	5.61168363759799	11.638991628774072	0.006360435892161106
W_ZS_MAG_00014	0.009004679532864254	0.01602451200807588	0.11824200276186633	0.14781494429169859	0.21573304091436615	0.24936738331825622	0.3465744148806657	0.004839486513241497	0.1771532871363498	0.004445289631626746	0.0010727558058731426	0.0023417214211703986	6.467705891448345	6.888747616246315	0.0002577031011458013
W_ZS_MAG_00015	0.007925085028500936	0.05986863948391982	0.06295785473625476	0.0593955742719632	0.5750229852941755	0.47261596570235787	1.147475594371021	0.006865659214508769	0.13615454733934992	0.005100570888635602	0.0011805918161789544	0.0018889469058863272	8.748411741544839	8.094363668260328	0.00012427282275567943
W_ZS_MAG_00016	0.00012003127672124851	0.000877616436870734	0.00024937110143312445	0.0003450695070911539	0.010942769740490747	0.006980431145813668	0.05945581901831073	9.553509779854473e-05	0.0011085337501820882	4.7849202829014715e-05	6.417998877748389e-05	6.271021804212167e-05	8.104054378904282	3.9656307178164303	5.797429011706561e-05
W_ZS_MAG_00017	0.0005164591621236678	0.0023666568439664063	0.001073078843540756	0.006090329960872911	0.015570003110521749	0.03180406168655763	0.09012966987541542	0.0003312603342992322	0.013529746410621614	0.0004885770181556243	0.0	3.8369922891802955e-05	3.287153084737161	2.773278776418971	0.0
W_ZS_MAG_00018	0.013192543911502166	0.017294296266371054	0.02374148750434347	0.03657935659241332	0.09396417024551468	0.06935658841472883	0.08483485895044776	0.011984436959382469	0.1047764875516601	0.010690760207697363	0.009814802695635286	0.011462221266707604	4.3999627064954545	4.927246343857042	0.008623089957451016
W_ZS_MAG_00020	0.002065912121999374	0.0005157605575461824	0.0014555817960848936	0.0024735734211939323	0.00842914558264202	0.009697911087745028	0.011649027537158607	0.0010740228462521057	0.011289881075783046	0.00017765996947801725	6.013106659255969e-05	0.00022070834669769067	1.5547675804447758	4.321996805127103	0.0
W_ZS_MAG_00022	0.005183340230365327	0.010556070195111551	0.005615619624093477	0.048623674305296787	0.20444113577130707	0.15126301285362448	0.27485693451314935	0.0016518101833362178	0.10332627758489568	0.001492647906561311	0.0002380746661002808	0.000626216621731188	2.0842910042818663	3.2099382530616003	0.0
W_ZS_MAG_00023	0.012135557605262998	0.010687561465771583	0.012296819356296843	0.14033773341722203	0.5213125118350244	0.3744968205779768	0.49457238148177557	0.0032664667183844504	0.1871042520570036	0.0034949208656823998	0.000355814280216726	0.001374695343566939	3.5778995046087876	2.848048366308511	0.00011269997373388146
W_ZS_MAG_00024	0.00564629387350272	0.007968988895924387	0.028162585219619087	0.06326457420649016	0.2949109323064938	0.25462498219675717	0.13204257677702103	0.0046797095491324155	0.2187204070881543	0.004083775871084175	0.001207311133026566	0.0017243099512099219	2.8044256471616666	2.6780889331120217	0.0007501263080327496
W_ZS_MAG_00026	0.0017945302436815566	0.0010761906017962887	0.0015536182952402306	0.0190663343136867	0.031871595689962146	0.028009091348711254	0.033625241241663696	0.00011386166906259755	0.012875161010950943	0.0002079404226509986	0.0	0.00010243154012195069	1.8779816150772193	3.4886164708158036	0.0
W_ZS_MAG_00027	0.0023169341551461703	0.0053900172494496055	0.008401619667224747	0.011522556277795049	0.035544070711651506	0.03303794086636414	0.08104420809244159	0.0007352328327094946	0.01718796892880696	0.0004560345027021391	0.00010711581786888326	0.000160990637507079	3.4132192328035535	5.468950832255045	4.880424837813025e-05
